81
-30 -70 5 1
-30 70 5 1
-15 70 5 1
-15 -70 5 1
0 -70 5 1
0 70 5 1
15 70 5 1
15 -70 5 1
30 -70 5 1
30 70 5 1
30 -70 13 1
30 70 13 1
15 70 13 1
15 -70 13 1
0 -70 13 1
0 70 13 1
-15 70 13 1
-15 -70 13 1
-30 -70 13 1
-30 70 13 1
-30 -70 21 1
-30 70 21 1
-15 70 21 1
-15 -70 21 1
0 -70 21 1
0 70 21 1
15 70 21 1
15 -70 21 1
30 -70 21 1
30 70 21 1
30 -70 29 1
30 70 29 1
15 70 29 1
15 -70 29 1
0 -70 29 1
0 70 29 1
-15 70 29 1
-15 -70 29 1
-30 -70 29 1
-30 70 29 1
-30 -70 37 1
-30 70 37 1
-15 70 37 1
-15 -70 37 1
0 -70 37 1
0 70 37 1
15 70 37 1
15 -70 37 1
30 -70 37 1
30 70 37 1
30 -70 45 1
30 70 45 1
15 70 45 1
15 -70 45 1
0 -70 45 1
0 70 45 1
-15 70 45 1
-15 -70 45 1
-30 -70 45 1
-30 70 45 1
-30 -70 53 1
-30 70 53 1
-15 70 53 1
-15 -70 53 1
0 -70 53 1
0 70 53 1
15 70 53 1
15 -70 53 1
30 -70 53 1
30 70 53 1
30 -70 61 1
30 70 61 1
15 70 61 1
15 -70 61 1
0 -70 61 1
0 70 61 1
-15 70 61 1
-15 -70 61 1
-30 -70 61 1
-30 70 61 1
0 0 3 1
